2742885275
2834640674
2810569561
2827635753
2825236750
2837348932
2834178053
2815706340
2835584173
2836534200
2812212665
2835683815
2836065310
2822142870
2835677241
2832283061
2834688740
2825337566
2827953017
2827440527
2832240215
2834582233
2818309669
2826008014
2834869322
2826135467
2836937613
2834306326
2699328487
2828016057
2837193274
2836592329
2834959131
2834941606
2820716541
2810480606
2831951814
2836357097
2837086801
2836994438
2834228537
2837297276
2835106557
2744578995
2836994310
2837182496
2782473175
2835138221
2598758608
2831492716
2743045449
2835003869
2834221913
2832288412
2834627666
2837093433
2810433400
2834237130
2836969247
2834226366
2829383956
2834994449
2810522696
2831695450
2831923308
2837003520
2836870521
2834538786
2834756943
2837321534
2834217550
2834708630
2833932255
2834327358
2837243955
2833354800
2831953187
2837359908
2835142439
2835301850
2836922567
2837080675
2834986646
2834871958
2835164870
2836696348
2835000176
2808990316
2834730785
2836866267
2832558018
2833255399
2836191432
2837380728
2832414841
2818254439
2836787854
2834302083
2832256701
2827620359
2837131625
2466822734
2821582526
2830984253
2834500068
2825991232
2834390691
2812420923
2837359929
2834884929
2818915636
2834634162
2836359009
2834179119
2834548580
2834552820
2820818740
2835425369
2835830642
2834866033
2834657938
2803102353
2724448086
2836803847
2836910546
2831979525
2834316782
2837320085
2827910598
2823604126
2836892598
2832028849
2835241542
2834587076
2835374876
2831873021
2836778319
2834262272
2835069662
2837271023
2831805572
2829728188
2837113667
2836618756
2832743088
2831091420
2834849403
2834336038
2834803407
2831804250
2837122371
2836179392
2834895420
2831888853
2835306952
2829902930
2834813688
2749362102
2837047604
2835629305
2596705620
2837184716
2836385961
2837275659
2832004506
2818846189
2837474517
2834679195
2834474262
2830705601
2834079586
2835047882
2832201700
2834359235
2837138609
2837603163
2833877921
2831787492
2835478979
2835787044
2832695443
2837451592
2831465880
2835052078
2834180292
2834521269
2827694138
2827240169
2836737924
2833137215
2836536947
2828148240
2836972262
2815820440
2834598061
2835090216
2836545890
2837053355
2827793616
2831411870
2835497577
2827756893
2836722545
2832978853
2832313164
2834407104
2827715824
2837477606
2802374275
2833044135
2827802496
2834216076
2834617692
2836988724
2835476735
2821492724
2836974113
2821447835
2831850437
2834682254
2598488325
2836390156
2825444652
2837287431
2832199704
2836840841
2834463115
2837238059
2834307809
2837169596
2834808925
2827838457
2834789203
2827872686
2831653643
2834314798
2829732585
2834459095
2834314799
2837136340
2828070506
2825518910
2830735668
2834879294
2834651557
2834311292
2837054872
2836954642
2832175163
2798366397
2836448685
2834465839
2832806357
2834382579
2835009516
2818650602
2832163178
2834417633
2831909704
2837590002
2827810462
2837142494
2814376201
2832891603
2837170857
2803137920
2831850789
2837145757
2834108996
2836978727
2835090651
2836953205
2834464738
2832214628
2834200618
2834678117
2837037164
2836667521
2834714675
2837108329
2831839967
2808698634
2825883652
2834335587
2834093053
2836927365
2834473446
2825329253
2598637550
2837186172
2835263518
2837303205
2832340769
2745835395
2834610317
2798293942
2837465770
2820936056
2833951758
2837249719
2810276142
2836823187
2598693324
2837033907
2805425064
2823497752
2714602522
2837100704
2834551017
2837258894
2833412685
2835271117
2833149545
2837336059
2831938593
2742977858
2815775830
2836954320
2823460416
2837349788
2835572430
2823551783
2830064275
2834446155
2836905541
2829295108
2837098422
2831628185
2833216353
2837387703
2803178398
2830409865
2832874366
2837509786
2810243755
2837120037
2812275775
2833286653
2830012611
2821029666
2805945579
2834883158
2829236862
2781965161
2834212430
2837600599
2834052915
2834758552
2836992971
2834820972
2834293751
2833172844
2835572417
2827709646
2837115815
2815919137
2837220139
2834266137
2826038547
2827410230
2834330080
2596744438
2837025082
2833069591
2837114611
2835527879
2834284918
2836936149
2836946071
2834546711
2836724782
2830805055
2831582256
2837181635
2827913774
2825937193
2828248069
2833955926
2815840765
2834469169
2831068058
2810323316
2833742554
2835479866
2827949380
2832426571
2834342393
2825364670
2833979397
2835331359
2832057293
2833532838
2798588356
2798522194
2832488262
2834434137
2834078965
2835676675
2825842037
2834906890
2814554266
2834145545
2782374212
2825981008
2827526000
2827369998
2827754603
2836752974
2836668451
2837039748
2806062174
2822721448
2829866722
2831872702
2836636977
2837251875
2836902261
2834082211
2835409373
2837121859
2798441678
2834003063
2834441939
2831288965
2837333850
2834761474
2825929809
2834541731
2834526011
2831520452
2599223062
2825950519
2782027888
2835423661
2834074210
2834416917
2834243084
2834764999
2834132424
2831926659
2810619421
2834751778
2835688589
2837560476
2836506337
2834842023
2831750327
2835847805
2836338280
2820877056
2827870616
2834748372
2805325307
2835737799
2834185062
2827537047
2834247598
2834272791
2833002177
2831729326
2833881951
2836894189
2834295547
2837199453
2835093163
2823573160
2834260221
2834588815
2834939702
2837164228
2837354634
2837296700
2832007407
2808930310
2836884071
2827249558
2837458648
2832207982
2834925558
2833623668
2709555531
2829938647
2831387248
2828317294
2827310533
2836430092
2836595454
2814409828
2835610586
2834038345
2837619267
2834490254
2834366872
2832881837
2835970449
2837198341
2835192822
2835239978
2830005028
2836667428
